$(Release.Deployment.StartTime)
$CI_COMMIT_SHORT_SHA
${CI_COMMIT_SHORT_SHA}
202203302144
202203302221
202204041035
202204051240
202204051308
202204060054
202204100053
202204101045
202204101312
202204130056
202204170055
202204191307
202204191318
202204191325
202204191352
202204191401
202204191513
202204191548
202204200104
202204240053
202204261112
202204261431
202204261519
202204261527
202204261610
202204261634
202204270106
202205010112
202205040100
202205050823
202205080056
202205101216
202205110105
202205150111
202205180050
202205220059
202205240837
202205250101
202205261227
202205261544
202205261545
202205261602
202205261616
202205261628
202205261645
202205261656
202205261700
202205261704
202205261714
202205261725
202205261735
202205261740
202205261804
202205261809
202205261822
202205261831
202205261835
202205261841
202205261847
refs/heads/develop
refs/heads/main
v0.1
v0.1.1
v0.2
